0.00012183189392089844 11
0.00017786026000976562 22
0.00027894973754882812 33
0.00030612945556640625 44
0.00036692619323730469 55
0.00046086311340332031 66
0.00076293945312500000 77
0.00059914588928222656 88
0.00070190429687500000 99
0.00149416923522949219 110
0.00082707405090332031 121
0.00159502029418945312 132
0.00110387802124023438 143
0.00112605094909667969 154
0.00143289566040039062 165
0.00131487846374511719 176
0.00135803222656250000 187
0.00142312049865722656 198
0.00154304504394531250 209
0.00164890289306640625 220
0.00170803070068359375 231
0.00163197517395019531 242
0.00173521041870117188 253
0.00207090377807617188 264
0.00184702873229980469 275
0.00182080268859863281 286
0.00213289260864257812 297
0.00254511833190917969 297
0.00209403038024902344 319
0.00212907791137695312 330
0.00220799446105957031 341
0.00234699249267578125 352
0.00495696067810058594 363
0.00516510009765625000 374
0.00244283676147460938 385
0.00281286239624023438 396
0.00316190719604492188 407
0.00289988517761230469 418
0.00359702110290527344 429
0.00356197357177734375 440
0.00318193435668945312 451
0.00304007530212402344 462
0.00311994552612304688 473
0.00512504577636718750 484
0.00455307960510253906 495
0.00358605384826660156 506
0.00411510467529296875 528
0.00447893142700195312 550
0.00732994079589843750 572
0.00473999977111816406 594
0.00616312026977539062 638
0.00708794593811035156 924
0.00889778137207031250 1122
0.01122689247131347656 1408
0.01466894149780273438 1694
0.02166891098022460938 1980
